check_id: 3
3.1.1
5b6m.A
CHEBI_16240.sdf
bind: 1
20,25,36,52,63,68,81,85,87,89,91,100,102,104,105,162,163,176,188,191,192,196,198,199,209,223,225,228,235,252,292,311,334

check_id: 2
3.1.1
4im4.A
4c9b_CHEBI_57540.sdf
bind: 0
2,4,5,7,10,11,21,25,30,32,33,36,37,38,39,40,41,42,43,45,46,47,56,57,58,59,61,62,64,65,66,68,70,71,75,76,77,78,96,97,99,101,106,107,111,113,122,130,131,132,140,143,147,150,151,154,155,156,157,165,174,177

check_id: 0
1.8.1
1v98.A
5gi6_CHEBI_57746.sdf
bind: 0
2,5,7,8,10,12,13,14,18,21,32,36,37,38,40,41,46,48,57,58,60,61,65,70,72,73,79,84

check_id: 1
1.8.1
1cl0.A
CHEBI_58349.sdf
bind: 1
3,7,8,9,10,11,12,13,14,15,16,17,18,19,20,22,23,24,25,26,28,31,32,33,35,39,40,45,48,49,50,52,53,56,58,60,67,69,73,77,78,83,84,85,86,87,90,92,93,95,97,98,101,102,103,105,107,108,109,110,111,112,113,114,115,118,119,120,121,123,128,130,131,132,133,134,135,137,140,143,144,147,149,150,151,152,153,157,158,159,160,161,163,166,167,168,169,170,173,174,175,176,177,180,181,183,184,187,188,189,196,197,198,200,202,203,208,209,211,212,216,218,230,235,236,237,239,241,242,243,244,245,246,248,249,250,251,260,261,262,263,264,268,271,273,277,279,280,281,282,283,284,285,286,288,290,292,293,294,295,296,298,299,301,304,305,306,307,308,309,312
